StartChar: uni2157
Encoding: 8535 8535 655
Width: 1040
VWidth: 0
Flags: W
HStem: -143 70<628 892.718> -2.84217e-014 21G<265 366.732> 80 70<703 892.718> 246 70<703 962> 386 70<146.901 329.578> 510 20G<58 133> 614 70<168 332.718> 696 20G<673.268 775> 780 70<88 339.935>
VStem: 58 75<470.41 530> 347 75<469.936 599.364 692.947 770.267> 628 75<150 246> 907 75<-58.4456 65.0635>
LayerCount: 2
Fore
Refer: 635 179 N 1 0 0 1 0 0 2
Refer: 649 8325 N 1 0 0 1 560 0 2
Refer: 646 8260 N 1 0 0 1 480 -2.84217e-014 2
Validated: 32769
EndChar
